 12            24            1998         -99
 12            25            1998         -99
 12            30            1998         -99
 12            31            1998         -99
 1             10            1999         -99
 6             18            2002         -99
 6             19            2002         -99
 6             20            2002         -99
 6             21            2002         -99
 8             28            2007         -99 
 8             18            2008         -99 
 9             24            2008         -99 
 4             9             2009         -99 
 2             6             2014         -99 
12             30            2015         -99 
12             31            2015         -99 
 3             10            2016         -99 
 5             5             2016         -99 
 9             21            2016         -99 
 11            11            2016         -99 
 1             4             2018         -99 
 11            14            2018         -99 
 11            15            2018         -99 
 11            17            2018         -99 
 1             23            2019         -99 
 4             24            2019         -99 
 5             16            2019         -99 
 5             17            2019         -99 
 5             18            2019         -99 
 5             19            2019         -99 
