 1             1             2016         15.9
 1             2             2016         16.7
 1             3             2016         23.4
 1             4             2016         32.6
 1             5             2016         37.4
 1             6             2016         36.5
 1             7             2016         42.7
 1             8             2016         36.7
 1             9             2016         34.3
 1             10            2016         34.8
 1             11            2016         43.2
 1             12            2016         45.9
 1             13            2016         40.6
 1             14            2016         35.1
 1             15            2016         28.9
 1             16            2016         35.3
 1             17            2016         43.1
 1             18            2016         39.4
 1             19            2016         27.1
 1             20            2016         24.2
 1             21            2016         28.1
 1             22            2016         28.7
 1             23            2016         16.5
 1             24            2016         12.8
 1             25            2016         7.6
 1             26            2016         10.0
 1             27            2016         13.0
 1             28            2016         24.7
 1             29            2016         31.7
 1             30            2016         33.1
 1             31            2016         35.2
 2             1             2016         37.0
 2             2             2016         38.6
 2             3             2016         37.0
 2             4             2016         39.7
 2             5             2016         43.9
 2             6             2016         33.5
 2             7             2016         28.5
 2             8             2016         27.0
 2             9             2016         31.2
 2             10            2016         33.6
 2             11            2016         38.0
 2             12            2016         46.0
 2             13            2016         46.2
 2             14            2016         48.3
 2             15            2016         47.0
 2             16            2016         49.2
 2             17            2016         51.8
 2             18            2016         56.3
 2             19            2016         51.0
 2             20            2016         44.1
 2             21            2016         39.3
 2             22            2016         35.2
 2             23            2016         39.4
 2             24            2016         44.2
 2             25            2016         46.4
 2             26            2016         48.4
 2             27            2016         47.7
 2             28            2016         44.6
 2             29            2016         48.4
 3             1             2016         51.4
 3             2             2016         51.8
 3             3             2016         46.7
 3             4             2016         42.5
 3             5             2016         36.5
 3             6             2016         40.0
 3             7             2016         43.4
 3             8             2016         46.6
 3             9             2016         49.1
 3             10            2016         -999 
 3             11            2016         45.0
 3             12            2016         44.8
 3             13            2016         50.1
 3             14            2016         44.7
 3             15            2016         37.7
 3             16            2016         36.4
 3             17            2016         34.4
 3             18            2016         36.3
 3             19            2016         39.3
 3             20            2016         40.0
 3             21            2016         40.0
 3             22            2016         46.5
 3             23            2016         59.6
 3             24            2016         54.0
 3             25            2016         47.3
 3             26            2016         40.0
 3             27            2016         38.0
 3             28            2016         37.2
 3             29            2016         38.9
 3             30            2016         44.8
 3             31            2016         47.9
 4             1             2016         51.3
 4             2             2016         53.4
 4             3             2016         48.7
 4             4             2016         49.3
 4             5             2016         52.5
 4             6             2016         55.9
 4             7             2016         55.9
 4             8             2016         57.8
 4             9             2016         60.1
 4             10            2016         55.7
 4             11            2016         54.0
 4             12            2016         50.9
 4             13            2016         54.2
 4             14            2016         55.6
 4             15            2016         55.1
 4             16            2016         53.5
 4             17            2016         57.5
 4             18            2016         59.6
 4             19            2016         61.4
 4             20            2016         62.1
 4             21            2016         47.3
 4             22            2016         46.2
 4             23            2016         54.3
 4             24            2016         61.1
 4             25            2016         53.0
 4             26            2016         49.9
 4             27            2016         48.3
 4             28            2016         51.1
 4             29            2016         56.2
 4             30            2016         57.1
 5             1             2016         56.3
 5             2             2016         58.8
 5             3             2016         59.0
 5             4             2016         51.4
 5             5             2016         -999 
 5             6             2016         50.1
 5             7             2016         50.9
 5             8             2016         53.3
 5             9             2016         56.9
 5             10            2016         53.8
 5             11            2016         52.8
 5             12            2016         57.0
 5             13            2016         62.6
 5             14            2016         63.0
 5             15            2016         63.4
 5             16            2016         59.6
 5             17            2016         60.2
 5             18            2016         53.6
 5             19            2016         53.2
 5             20            2016         55.1
 5             21            2016         60.2
 5             22            2016         58.6
 5             23            2016         52.6
 5             24            2016         55.6
 5             25            2016         54.0
 5             26            2016         53.6
 5             27            2016         55.3
 5             28            2016         55.6
 5             29            2016         56.2
 5             30            2016         60.2
 5             31            2016         64.5
 6             1             2016         66.5
 6             2             2016         67.7
 6             3             2016         66.7
 6             4             2016         61.9
 6             5             2016         60.5
 6             6             2016         62.2
 6             7             2016         61.5
 6             8             2016         54.5
 6             9             2016         55.4
 6             10            2016         59.2
 6             11            2016         63.4
 6             12            2016         65.2
 6             13            2016         68.9
 6             14            2016         63.4
 6             15            2016         64.6
 6             16            2016         65.7
 6             17            2016         67.7
 6             18            2016         70.0
 6             19            2016         73.0
 6             20            2016         76.0
 6             21            2016         75.4
 6             22            2016         76.0
 6             23            2016         76.6
 6             24            2016         75.7
 6             25            2016         75.3
 6             26            2016         77.9
 6             27            2016         73.8
 6             28            2016         71.1
 6             29            2016         67.8
 6             30            2016         68.5
 7             1             2016         69.6
 7             2             2016         70.2
 7             3             2016         72.8
 7             4             2016         71.5
 7             5             2016         70.9
 7             6             2016         72.2
 7             7             2016         72.6
 7             8             2016         67.5
 7             9             2016         66.9
 7             10            2016         68.8
 7             11            2016         68.2
 7             12            2016         71.2
 7             13            2016         75.3
 7             14            2016         78.2
 7             15            2016         78.6
 7             16            2016         81.2
 7             17            2016         83.3
 7             18            2016         81.6
 7             19            2016         72.8
 7             20            2016         73.2
 7             21            2016         72.0
 7             22            2016         72.9
 7             23            2016         73.0
 7             24            2016         70.3
 7             25            2016         70.6
 7             26            2016         74.1
 7             27            2016         75.1
 7             28            2016         75.8
 7             29            2016         76.6
 7             30            2016         75.4
 7             31            2016         75.8
 8             1             2016         77.2
 8             2             2016         81.1
 8             3             2016         78.1
 8             4             2016         76.7
 8             5             2016         77.0
 8             6             2016         77.6
 8             7             2016         75.4
 8             8             2016         77.6
 8             9             2016         78.1
 8             10            2016         75.4
 8             11            2016         77.8
 8             12            2016         79.3
 8             13            2016         73.6
 8             14            2016         66.1
 8             15            2016         65.9
 8             16            2016         67.3
 8             17            2016         70.8
 8             18            2016         74.1
 8             19            2016         77.5
 8             20            2016         80.0
 8             21            2016         79.1
 8             22            2016         76.9
 8             23            2016         77.2
 8             24            2016         75.4
 8             25            2016         73.4
 8             26            2016         71.0
 8             27            2016         68.3
 8             28            2016         70.3
 8             29            2016         71.0
 8             30            2016         73.2
 8             31            2016         69.6
 9             1             2016         68.2
 9             2             2016         67.2
 9             3             2016         66.3
 9             4             2016         65.5
 9             5             2016         68.2
 9             6             2016         71.6
 9             7             2016         74.1
 9             8             2016         69.0
 9             9             2016         70.6
 9             10            2016         72.7
 9             11            2016         72.8
 9             12            2016         74.0
 9             13            2016         67.9
 9             14            2016         65.3
 9             15            2016         64.7
 9             16            2016         61.4
 9             17            2016         61.9
 9             18            2016         63.4
 9             19            2016         69.5
 9             20            2016         63.7
 9             21            2016         -999 
 9             22            2016         58.9
 9             23            2016         51.9
 9             24            2016         49.8
 9             25            2016         51.5
 9             26            2016         52.8
 9             27            2016         55.5
 9             28            2016         54.9
 9             29            2016         54.4
 9             30            2016         56.3
 10            1             2016         57.9
 10            2             2016         59.3
 10            3             2016         62.5
 10            4             2016         60.9
 10            5             2016         62.5
 10            6             2016         63.2
 10            7             2016         62.3
 10            8             2016         59.3
 10            9             2016         56.4
 10            10            2016         55.7
 10            11            2016         59.3
 10            12            2016         62.9
 10            13            2016         59.7
 10            14            2016         50.2
 10            15            2016         47.2
 10            16            2016         50.5
 10            17            2016         49.9
 10            18            2016         45.8
 10            19            2016         44.4
 10            20            2016         47.8
 10            21            2016         49.7
 10            22            2016         50.5
 10            23            2016         51.9
 10            24            2016         51.7
 10            25            2016         46.8
 10            26            2016         42.6
 10            27            2016         48.3
 10            28            2016         52.3
 10            29            2016         51.1
 10            30            2016         48.6
 10            31            2016         39.2
 11            1             2016         31.7
 11            2             2016         32.0
 11            3             2016         38.4
 11            4             2016         44.4
 11            5             2016         45.2
 11            6             2016         47.0
 11            7             2016         48.4
 11            8             2016         49.5
 11            9             2016         54.7
 11            10            2016         56.0
 11            11            2016         -999 
 11            12            2016         45.4
 11            13            2016         46.6
 11            14            2016         44.7
 11            15            2016         41.2
 11            16            2016         34.1
 11            17            2016         29.4
 11            18            2016         29.6
 11            19            2016         33.4
 11            20            2016         36.8
 11            21            2016         36.1
 11            22            2016         34.9
 11            23            2016         32.7
 11            24            2016         31.1
 11            25            2016         32.0
 11            26            2016         32.1
 11            27            2016         34.9
 11            28            2016         41.7
 11            29            2016         44.4
 11            30            2016         35.8
 12            1             2016         32.9
 12            2             2016         31.5
 12            3             2016         32.1
 12            4             2016         29.6
 12            5             2016         26.1
 12            6             2016         24.8
 12            7             2016         28.7
 12            8             2016         25.0
 12            9             2016         25.7
 12            10            2016         31.5
 12            11            2016         33.5
 12            12            2016         34.7
 12            13            2016         35.3
 12            14            2016         23.1
 12            15            2016         21.5
 12            16            2016         25.4
 12            17            2016         25.4
 12            18            2016         20.1
 12            19            2016         19.0
 12            20            2016         19.7
 12            21            2016         23.3
 12            22            2016         30.1
 12            23            2016         32.0
 12            24            2016         33.7
 12            25            2016         33.8
 12            26            2016         31.6
 12            27            2016         33.8
 12            28            2016         29.8
 12            29            2016         32.6
 12            30            2016         30.1
 12            31            2016         27.4
